          Department |ID Number |                     Name |Sale Amount
1                 11 |      111 | M. SteventTowns the good |  4.5713699997E10
Total:               2.28568499985E11
Total:   2.28568499985E11
Total:   1.09707371988E11
